      10 0.687615196 0.5810448384 0.004170043892
      40 0.6716467109 0.6716367839 0.423927633
      80 0.6716467108 0.6716467108 0.4023358643
     100 0.6716467108 0.6716467108 0.6667904863
    1000 0.6716467108 0.6716467108 0.6115475741
   10000 0.6716467108 0.6716467108 0.6729534797
   20000 0.6716467108 0.6716467108 0.6601762482
  300000 0.6716467108 0.6716467108 0.6647787733
  100000 0.6716467108 0.6716467108 0.6744676408
  500000 0.6716467108 0.6716467108 0.6754463892
 1000000 0.6716467108 0.6716467108 0.6691094282
